100
6 1 1000000000000000
1 1 1 1 0 100 0
6 1 -100
1 1 1 1 0 100 0
322220 290680 1000000000000000
961749755 888606430 687641806 902904952 982843587 193510889 0
28203 5761 -434632172350891
770855173 307676237 958265753 564789708 685654793 377676111 0
500000 220385 3768171
10 7 359008024 892793200 352716360 11 0
500000 36733 455359
9 7 742217530 266510252 899242783 11 0
500000 61895 2530809
4 10 627839800 682118485 276128487 11 0
500000 155779 1382267
7 10 959409330 504573532 525605857 11 0
500000 500000 697354337272908
749522309 118178742 497334650 937519949 887270288 204104501 0
304116 113823 757708612953639
366977708 847529472 138666358 455850477 493834893 711298445 0
250411 142984 1000000000000000
381830303 455429197 816485274 486236253 406206308 189040517 0
500000 500000 605991360288332
788004 382465668 860545578 170878373 156124372 644006501 0
1653 171 -948493374728365
461845612 405926689 392667946 952717565 914493284 854522695 0
223047 170973 -430775273128612
571698958 104411147 312328651 418703931 560254015 747092415 0
100381 72449 -964135142717451
435407613 660802500 612557271 228418687 538238707 925426841 0
500000 0 328743073934329
318648591 318648591 0 0 318648591 1000000000 0
119086 49091 -353583344311272
90009621 437026137 690745400 478643824 249168079 226829713 0
262247 262247 1000000000000000
384602190 549518293 772639635 115597790 950649070 301875477 0
454938 223196 -779862445406658
825140579 980774816 741103801 987361813 663986209 196043521 0
432168 132240 -304962163570822
145321703 927932986 899474896 670714582 13916404 425883307 0
453763 289370 -665345631424085
596858599 171720209 963889052 803536156 667731857 594700479 0
147285 147285 1000000000000000
286639719 880287695 325618592 71251686 61397954 864220785 0
397471 29868 158003299354168
908052695 815445503 45126498 90231496 629210414 424958329 0
329783 0 269573499848665
498613359 498613359 0 0 498613359 1000000000 0
500000 227922 2678695
6 3 478345015 876858109 233921507 11 0
250411 168349 593831886347949
309090555 194193509 809529006 32250338 230880946 157321447 0
500000 500000 1000000000000000
999999999 999999999 0 0 999999999 1000000000 0
500000 474726 169862396623915
667976128 921813351 785397814 559882621 175502371 484189317 0
322220 68110 -230913617447570
977051163 32652833 425595554 283881273 745747413 731237911 0
2 1 1000000000000000
1 1 0 0 0 1000000000 0
200313 40410 481051642163465
898398091 288458799 544947136 925443344 527551166 467836175 0
238778 49361 -20430696433708
707243259 45533565 913910448 475966860 681410041 944104327 0
251882 229591 478054844893086
191349557 149975118 657961518 704301314 236060453 289238955 0
240315 240315 1000000000000000
117219607 92103141 87048971 651537544 235727133 79239973 0
500000 353343 1915769
0 7 404705180 804694951 988734783 11 0
358649 190181 -518818179895858
884497062 781312086 845298135 336189692 189502526 302109817 0
325673 309093 -898436275421867
602070801 100698908 834967782 395017409 291020582 356664306 0
322220 322220 972094950166809
177606628 856701555 113978665 442516442 947753263 193347837 0
492798 492798 1000000000000000
964651523 765934490 116137864 942801077 88700427 229309563 0
498369 422894 1000000000000000
719392857 417905157 941806460 265672438 434557527 109847313 0
343849 120466 373955198835951
805988574 609099292 28591680 161048374 613704904 985894543 0
44235 40844 266823651162235
2215801 978772785 852705103 284544863 335485961 23931277 0
500000 500000 1000000000000000
0 0 0 0 0 1000000000 0
311923 34440 383472261686022
549575391 472690881 927610100 93073448 277347118 348561277 0
366749 119181 1000000000000000
363680970 92804317 593209597 807220396 24626114 824402593 0
233703 169352 423574577743214
463115103 63921384 518019736 211510695 161926905 161716517 0
412349 130432 377117331376630
579732484 991592101 454058867 285679662 21703991 76345713 0
468673 295685 -604293570090078
593435686 197331003 398223553 392431314 303651700 799691989 0
500000 500000 1000000000000000
355193742 11082258 170200808 270773992 198368106 165254957 0
20809 19658 592537381751165
47824564 279324624 234335138 330039239 645103667 783500701 0
2 0 1000000000000000
1 1 0 0 0 1000000000 0
500000 13725 1000000000000000
993955929 635029155 595680217 689493617 917599845 915205093 0
498369 498369 944808177347453
854928541 850952138 333941953 393842609 249666801 454059841 0
182952 123790 676377750167244
47704303 671984237 497989409 614205222 385379690 454714887 0
126798 11197 -272988693911446
783268042 378438867 918596835 421197984 998237898 378028957 0
275271 249878 320431582985825
560874690 778638081 800656140 32135388 625648895 80953883 0
500000 0 -899381846478538
443380789 443380789 0 0 443380789 1000000000 0
89043 12925 967360189858755
550276699 824848740 330868021 951580841 611438613 651501283 0
366749 366749 34242904067149
311390434 67086703 273220525 952591450 26437336 278853305 0
500000 500000 459307809950449
170228531 797984829 71382062 623892768 839806778 975460893 0
172829 115924 -691988744862300
366479580 869565212 488826081 108141776 761273508 413307457 0
77067 62801 -49940548689541
498684038 484052475 711522030 120596811 614361778 814305657 0
500000 0 103550377665205
467300439 467300439 0 0 467300439 1000000000 0
291104 78170 -483388596107455
84056278 784586856 435481005 559267423 550518352 88539907 0
500000 125000 125000
1 0 0 1 0 2 0
224481 51386 -878633708667603
164626816 486761020 605019852 57130373 46560494 850256659 0
500000 0 603319043278219
575515191 575515191 0 0 575515191 1000000000 0
500000 500000 1000000000000000
564275779 306337419 997214592 32829275 340977584 890485781 0
223150 0 359137162328636
144912233 144912233 0 0 144912233 1000000000 0
500000 184838 959969431778648
362318186 499934837 243550007 30666096 25299115 433527439 0
366749 36421 59166792829216
269042525 33752653 301595351 805625664 183037471 155635965 0
500000 117220 493244793822673
774306727 643329920 315760891 15339880 276368017 455019413 0
463473 417328 442418706934792
732769404 478140256 308511182 916905259 919060002 869320871 0
500000 104821 1308836
8 9 681051914 89592816 348928267 11 0
207358 0 -111817522499090
953573657 953573657 0 0 953573657 1000000000 0
500000 0 1000000000000000
1 1 0 1 0 1000000000 0
106487 64618 812608747575903
875648755 550220431 93245469 999697686 583687424 322323326 0
500000 289481 1000000000000000
877500283 439121647 12771526 879294468 910924532 758582045 0
201531 118882 349970182426477
766762868 887299070 223461905 880590583 797319808 184870419 0
318658 45273 334534682538673
416107557 334307415 185729370 277107673 23691003 904097519 0
250411 250411 -200869148430078
221603752 135993882 457654333 310595443 370361788 784179523 0
2 2 1000000000000000
1 1 0 0 0 1000000000 0
177507 10871 390400859154513
910564466 28771437 717793003 845660028 322350953 184674091 0
500000 500000 1000000000000000
12826527 696887716 954101709 765922886 671384222 287064815 0
500000 304040 167671008244606
595803120 90597795 243017790 639157987 417760306 720178409 0
378105 92349 -851199723945165
96512493 503485646 522039041 876582588 162006121 16010445 0
500000 430907 4160433
1 3 63110891 864807526 829346674 11 0
214536 135767 -622800591409926
601620976 681969904 654549844 957616458 589925249 693104809 0
83503 40243 884332496597435
916925485 828596909 40165604 145832107 369869467 158396249 0
52043 30191 -320559354593034
301424356 654258870 433114654 337682087 461840756 530694565 0
498369 423955 -34860526368005
748393397 208832093 940611869 458288595 114321922 114023793 0
500000 500000 1000000000000000
940909718 699075040 162968349 868930826 564376328 648783845 0
400513 38879 -615631090496890
431350858 403523478 609094477 202784090 899346657 453059592 0
500000 92098 1000000000000000
76762683 724522525 741349810 571027765 23746340 690353 0
240765 128731 -69722883285071
691069142 892590015 157251840 785700650 277905516 55931661 0
500000 500000 -605627315566735
466339108 36241855 588478846 70658402 588437982 931659331 0
500000 187555 1000000000000000
897794149 998993072 264147016 50058589 68200193 817131079 0
417228 0 955993105177522
706714769 706714769 0 0 706714769 1000000000 0
326641 19145 -331929396562044
562044379 434806325 176058996 41879210 534261401 964352435 0
78881 31538 628811076113121
679660514 689713583 961039481 156019252 213915708 721068351 0
