100
3 1 4
1100
1010
0000
1000
2 4 4
1111
1111
1111
0111
1011
1101
10 10 8
10101101
11110001
00001010
00111101
11110110
00100111
00000101
10010000
11001101
11111100
00100111
10101101
11001101
10010000
00000101
00111101
11110110
11110001
11111100
00001010
10 10 4
0101
0111
1110
1111
1100
0110
0010
1111
1010
0001
1110
1101
1111
0010
0111
0110
0101
1100
1010
0001
10 10 5
10010
01100
11100
10000
00100
11011
11110
00111
11011
11110
11100
11011
00111
10000
00010
00100
11010
01100
11110
10010
10 10 9
010111011
101010100
110101011
101100100
000111010
011110111
100010010
000100001
010111101
101101010
101010100
010111011
101101010
110101011
010111101
000111010
011110111
100010010
000100001
101100100
10 10 10
0001000100
1110000110
0000010101
0101101000
0001010011
1101000010
0000011100
0001000001
1100101001
1111000001
1000100010
0111110010
1101111001
0001101010
1011011101
0000110100
1101110110
1110011110
1100001101
1101011010
1 1 1
1
1
10 10 9
110111110
110111110
110111110
110111110
110111110
110111110
110111110
110111110
110111110
110111110
110111100
111111110
010111110
110111010
110110110
110011110
110111110
110111111
100111110
110101110
10 10 9
101001100
101001000
101001010
111001000
011001000
111001010
101000010
011001000
101001010
111001100
111001010
001001100
101000010
111001000
101001010
111001100
101001100
011001000
101001000
100001100
10 10 5
11000
01110
11100
10100
11101
10111
10000
00000
01111
10011
11011
10010
00010
10100
01101
11001
11110
10000
10001
11100
10 3 2
10
01
01
10
00
00
01
00
00
10
01
10
00
5 8 10
0000000110
0000010011
0011100100
1101000100
1101001010
0100110001
1000111100
0111011110
0111010000
1010100011
1000100111
0100001000
1110110001
10 10 7
0000101
1111100
1000001
1010110
1000111
0111010
1111011
0011101
0001101
1011111
0101100
1101101
0011110
0110011
0111101
1010011
0001110
0010000
1111110
1100100
10 10 8
01110100
11000100
01001001
11001101
10110000
01000001
01100101
01111010
11011001
01111100
10110000
01110100
01111100
11011001
01111010
01000001
01001001
01100101
11001101
11000100
2 4 6
011001
010001
101011
111111
011001
010001
10 10 8
10100101
10100101
10100011
10111000
00111000
10100101
10111001
10100101
10100001
10111000
10100001
10111001
00100101
10000101
00111000
10110101
10100101
11100101
10100011
10111000
1 10 10
0101100000
0101100000
1001001100
1000000111
1010011001
0011100100
1101100100
0110001110
1011100110
0100111110
1101110110
10 10 7
0010110
0010110
1110110
1101110
1010110
1110100
1110110
1110110
1101100
1101100
1101110
1010110
0010010
1110110
0011110
0110110
1101100
1110100
0000110
0010110
10 10 6
101001
101001
101000
101011
111001
001001
001001
101011
101011
101001
101001
001000
111000
101101
101011
100001
101000
100000
111001
001001
10 10 8
00111101
01011101
11010100
10101100
11000100
11000110
11011111
10100100
01110011
11101110
11010100
11101110
01011101
11011111
00111101
10101100
11000100
11000110
01110011
10100100
10 10 5
10001
10100
01010
00011
10111
10010
00011
00111
11010
01011
00110
10000
10110
11110
01001
11001
00000
01110
11011
01010
10 10 9
100001000
011011101
011011101
100001000
011011101
100001000
100001000
011011101
100001000
100001000
000001000
100001100
011011101
100101000
100001010
100000000
110001000
100011000
101001000
100001000
10 7 3
111
001
001
000
100
110
010
010
000
101
110
000
100
010
111
101
001
10 10 7
0110101
0010101
0110011
1111001
0110001
0110011
0010001
0110111
0110111
0110101
0111101
1110101
0010001
0110111
0110011
0110101
0110001
0100101
1111001
0010101
10 10 4
0101
0100
0000
1110
1110
0110
0101
0100
0100
1110
1000
1100
1110
0110
0101
0111
0100
0001
1101
0000
1 10 10
0010001100
1100011001
1001001000
0010001100
1000100110
1011101001
0111101000
0111011101
0001111000
1000111111
0011010111
10 10 10
0111011110
1001010111
0010111000
0100001001
0111111000
0111011111
0111011100
1000101110
0000011101
1111100101
1001010111
0111111000
0100001001
0111011100
0010111000
1000101110
0111011110
0111011111
0000011101
1111100101
10 10 5
10111
01011
01100
00001
01001
10100
11001
11010
00101
01110
11001
01011
10111
01110
00101
01001
00001
10100
11010
01100
10 10 5
10110
00010
00011
01111
11100
00101
00101
00010
10010
00001
11110
11100
00101
00001
10110
00011
01111
10010
00010
00110
10 10 10
1101000101
1101101000
1000000101
1100001111
0111100101
0011001111
0001101010
0110110001
1011111001
0000101101
0011001111
0111100101
1101101000
1011111001
0001101010
1100001111
0000101101
1000000101
0110110001
1101000101
10 10 8
00010001
00110101
00110001
10011001
00100001
00010101
00110001
10010001
00010101
11010001
10010001
01010001
10011001
00010001
11010001
00000001
00010101
00110101
00110001
00100001
10 10 5
01010
01010
01010
01010
01010
01010
01010
01010
01010
01010
01110
11011
00010
11010
11110
01011
01000
10010
11000
01010
10 10 8
00001101
00100010
01010101
11001001
11110111
01110000
11111110
00111101
00010010
01100010
01010101
11111110
11110111
00100010
01100010
00010010
01110000
00001101
11001001
00111101
10 10 9
110000011
110000111
000001111
010000111
110000010
010001111
010001111
110000101
110001010
111000111
110000111
010001111
110001010
010000111
110000101
000001111
010000011
110000011
111000111
110000010
3 2 10
1100101110
0100110000
1011100110
1010100101
1111011000
10 10 10
1001000100
1010100101
1110011001
1110011010
0100100001
1100111111
0110100000
0111011000
0011101101
0001101111
1010100101
0001101111
0100100001
1110011001
1110011010
1001000100
0011101101
0111011000
1100111111
0110100000
1 1 10
1111111111
1111111111
10 10 4
0011
0110
0110
1110
1110
0000
1100
0010
1001
1011
0110
1110
1001
0111
0001
1100
1011
0000
0011
0010
10 10 7
1111011
0111110
1111100
0110010
0101010
1110011
0111010
1110001
0111010
1100001
1110001
0110010
0111110
1111011
1110011
0101010
0111010
0111011
1111100
1100001
10 10 6
100100
111100
110010
101111
100000
110100
011000
101110
011010
100011
101111
100011
110010
100100
111100
011000
100000
011010
101110
110100
10 10 4
0100
0100
0100
0100
1101
0100
1101
0100
0100
0100
1000
1110
0000
1100
1001
1111
0101
0100
1101
0110
10 10 6
011011
111010
101110
101010
100010
111110
011010
101000
011001
011011
111011
111010
100010
101110
101010
011011
011001
011010
101000
111110
10 10 6
000010
100110
000110
110110
100101
110110
100100
101110
100110
101100
100100
100101
101110
100010
110110
101100
000010
000110
100110
010010
10 10 10
1010010110
1011001001
1001010111
1011111100
1001100111
0010101110
0000110101
0011000000
0001010000
0111010100
1011111100
0111010100
0000110101
0001010000
1001100111
0011000000
0010101110
1011001001
1010010110
1001010111
10 10 8
10101100
00001011
10011011
00101111
10100111
10001101
10100011
00110111
10111000
01100100
00110111
10101100
10011011
00101111
10100011
10100111
00001011
10001101
01100100
10111000
10 10 6
001011
001011
000010
000010
100001
100011
000010
101011
000000
000011
000011
000000
011011
001011
001001
000010
101011
100011
001111
100001
10 10 6
001110
111001
110110
001001
110000
100010
010001
011011
100010
100100
001001
111001
110110
010001
011011
100010
110000
001110
101110
100100
10 10 10
0011110101
0011100101
0011110001
1011110001
0011111101
0001110101
0011110101
0011110001
0011101101
0011110101
0011110001
0011111101
1011110101
0010110101
0011101101
0011100101
0001110101
0111110101
1011110001
0011110101
10 10 9
100100100
000001101
110100011
100101010
011111001
011111100
011110011
100111000
111110101
110010100
100101010
110010100
011111100
000001101
011110011
100100100
110100011
100111000
111110101
011111001
1 1 4
0000
0000
10 10 7
1010101
1110110
1010000
0010101
1010000
0010101
1010110
1010110
1110110
1110110
1010111
1000101
1010101
1010001
1110110
1011101
1110101
0010101
1010000
1010110
10 3 2
11
10
10
00
10
10
01
10
10
11
10
11
00
3 1 6
111010
000010
011001
001001
10 10 6
011011
111011
000110
011110
010110
000110
011111
011100
011110
001110
010011
011100
111011
001011
011110
000110
001110
010110
011011
011111
10 10 8
10110011
10110101
00010101
10010110
10010101
10010011
10010101
10010111
10010101
10110101
10010111
10010011
10010110
00010101
00110011
10010101
10110011
11110011
10110101
10100011
10 10 8
01011100
01110101
01011101
01010101
01110101
01010001
01010110
01010111
01010111
01010101
00011100
01010110
01010101
01011101
01011100
01010001
01010111
11011100
01110101
01111100
10 10 9
000010111
001001111
001010111
001010110
001011110
011010111
001011111
001010111
001001101
101001111
001010111
001001101
100010111
101001111
001011111
001010110
001001111
011010111
001011110
000010111
10 10 6
000110
000010
111011
110011
110010
000010
111101
010011
110011
000011
110011
000010
111011
000011
000110
111101
010110
110010
100110
010011
10 10 10
0100110101
0000110101
0000100101
1010100101
0000111101
1100100101
1000100111
1000100101
1000110101
1000100101
0100110101
1010100101
1000100101
1100110101
1100100101
0000100101
1000110101
0000111101
1000100111
0000110101
10 10 5
10011
10011
01100
01100
01100
10011
01100
10011
10011
01100
01000
10010
10111
00100
00011
11011
01100
11100
10001
10011
10 10 4
1011
1010
1101
1000
1000
0100
1011
1100
1001
0010
1000
0011
1010
1011
1111
0010
1100
1101
1001
0100
10 10 10
0001011010
0001001010
0001011010
0000001010
0101110100
0001011110
0101110100
0000001010
0101110100
1001011010
1100110010
0011011010
0011011100
1111111110
0001100101
0111000000
1001111001
0001110011
0001111110
0110010011
10 3 2
10
11
01
00
00
01
11
01
00
11
11
01
10
1 10 10
0010001110
1000010011
1110000011
1110111011
0011011010
0000001101
0010001110
1111010001
0110000000
1000010111
1110100111
10 10 4
1101
1101
1101
1101
1101
1101
1101
1101
1101
1101
1100
1101
1011
0111
1000
0001
0100
1111
1001
0101
10 10 7
1010100
0101010
0110101
1111111
1101110
0010100
0010101
0101001
1101001
1110100
1101001
0101001
0010100
1111111
1010100
0110101
0010101
1101110
1110100
0101010
10 10 8
00001001
00000001
00010000
00010001
00010001
00000011
00000001
00011011
00001011
00011001
00000011
00011001
00010001
00000001
00010000
01001001
00001001
00011011
10001001
00001011
10 10 4
0100
0100
1101
0101
0000
1111
1011
1100
0100
0100
1100
0110
1101
0000
0001
1001
1111
0101
0100
1011
10 10 8
00000010
01011101
01100011
10010010
00100010
01111101
00011101
00001101
01100010
10010011
10010010
01111101
00100010
01100011
10010011
01011101
00000010
00001101
01100010
00011101
10 10 8
00111010
01111010
00111010
10011001
10011001
01111010
00111010
10011001
11111010
11111010
00111110
10011001
00111010
00111000
00110010
00011010
00101010
01111010
11111010
10111010
10 10 5
01101
01000
01100
01100
01100
01101
01110
01100
00100
01100
01111
01101
11000
01000
01001
00101
01100
11101
01110
00100
10 10 8
00011110
11101111
01100101
10011011
10000001
01110011
11010101
11110011
00111100
01111001
11010101
10000001
00011110
11110011
01110011
00111100
10011011
11101111
01111001
01100101
10 10 6
000111
000011
100101
001100
001011
111101
011110
101001
001001
001010
111101
100101
011110
001001
001010
000011
000111
101001
001100
001011
8 5 4
1000
0110
1001
0000
1001
1000
0011
1100
1100
0101
0001
1111
0010
10 10 5
01011
01011
01011
01011
01011
01011
01011
01011
01011
01011
10011
01010
01111
11010
01011
00011
11001
01001
11111
11011
10 10 10
1110000010
1011001111
0110010011
0001000000
1001000010
1000010101
1001011011
0000111101
1100101011
0010000001
0100100100
1011110001
0110001010
1011110010
0101101010
0110000111
1101110001
0010111001
0101110110
0101101011
10 10 8
10000100
10100000
10100000
10100000
10100010
10100000
10100000
10100100
10101100
10100001
10001100
10010100
10000100
10100100
10100000
10100001
10101100
00000100
10100010
11000100
10 10 7
1111110
1010001
1110111
1101101
1100110
0110111
0001110
0001011
1110011
0010010
0110111
0001110
1111110
0001011
0010010
1100110
1010001
1101101
1110111
1110011
10 10 10
0000110000
1111010110
0010011010
1100111111
1101000101
1100110001
0111011001
0011100011
1111010111
0001001011
0111011001
0000110000
1100111111
0001001011
1101000101
1111010111
0011100011
0010011010
1111010110
1100110001
10 3 2
00
01
01
00
10
00
10
01
00
11
01
10
00
1 10 10
0000011000
0011111101
1111100000
1011100110
0110011001
0110101001
1100111100
1100010001
0110010000
0000011000
1101010010
10 10 9
110111110
001111011
111110100
010110111
011001010
100001101
010100001
101101100
010010101
101000000
001111011
010010101
011001010
100001101
010100001
111110100
101101100
010110111
101000000
110111110
10 10 10
1000110101
1001000010
0110100101
1001100111
0011011010
1111111010
1000101001
1000010000
0010110000
1111000101
0000110000
0010001110
1111001010
0000011110
0100101010
0110011100
0011110101
1011010010
0101001110
0011100010
10 10 5
10000
11100
10110
10111
10101
00000
00001
10100
01101
11011
10111
11100
10000
10101
01101
00001
11011
00000
10100
10110
10 10 10
1110011011
0101111000
1011110100
1100000111
0011101111
0100011101
1011101111
1000101010
1111011101
0101001100
1001000100
1110010000
0010011000
1111111010
1000001001
1001011001
1111010001
0111000111
0010010100
1011001110
10 10 9
111011100
111001000
111011000
101001100
111010100
011001000
100001100
100001101
100101100
101001000
111011100
111011000
111010100
111001000
100001100
100101100
101001100
101001000
011001000
100001101
10 10 5
01010
11110
00010
00110
00000
01100
00101
10000
11100
00111
10000
01100
00101
00010
11110
00111
00000
11100
01010
00110
1 10 10
0001101010
1110111011
0100000111
0110110110
0011010000
1010110010
1011100110
1111100111
1100111100
1000110110
0001101010
10 10 10
0001111000
0111100110
0111011110
1101011100
1101010100
1011111111
1110001101
0100110100
1110011111
0110001110
0111101001
1100100000
0101101100
1101011110
1000001010
0011010000
1110001010
1010000001
1001001100
1010111010
10 8 6
110010
111010
111101
001111
000101
001111
111000
111011
001011
011000
001011
101000
010101
100010
101011
110111
100001
001010
10 3 5
00110
10111
11011
11011
11010
00000
10000
00010
11110
11000
10101
11101
01110
10 10 10
0100100000
1110101001
1011010011
0111111001
1000111010
0100111100
1011000001
1111000000
1111111010
0001101111
0001101111
1011000001
1110101001
0100111100
0111111001
1011010011
1111000000
1000111010
0100100000
1111111010
10 10 4
0100
1101
0011
1101
1000
1100
1000
0011
0101
1101
0101
0001
1101
1001
0010
0011
1011
0100
1100
0110
10 10 10
1100011111
1101000011
0011010011
0111111110
1001110111
1111111010
1110011011
1001000100
0000111010
0010000010
1110000100
1101111111
0100010000
0011100110
0111000111
1010100010
1110011010
1111101011
0110111011
1010011101
10 10 4
0001
0111
0111
0011
0001
0011
0011
0111
0011
0111
1111
1001
1011
0001
0000
0111
0010
0011
0110
0101
10 10 6
111010
001010
001011
001100
111111
010111
111100
101000
110110
001001
100101
110010
001011
100011
010111
011010
110011
000100
100110
001101
10 10 9
111010001
010110101
101111010
110101000
111110011
001110001
010100000
100001001
101100011
101101110
111110011
001110001
101111010
111010001
100001001
101101110
101100011
010100000
110101000
010110101
10 10 6
110111
101100
111110
111010
101000
101000
100101
101100
001011
100111
101100
010111
111111
001011
111110
100101
100111
110111
101000
111010
10 10 10
1110101110
1110101110
1110101110
1110101110
1110101110
1110101110
1110101110
1110101110
1110101110
1110101110
0000010011
0000100011
0010011110
0111100100
1011111101
0100011011
0010110011
0110010001
0000011011
0101001100
